$Numstates:          189

$FinalStates:        178

$FinalStateList:     1 3 4 5 6 7 8 9 10 11 12 13 14 15 17 18 19 20 21 22 24 25
                     26 27 28 29 30 31 32 33 34 35 36 37 38 39 40 41 42 43 44
                     45 46 47 48 49 50 51 52 53 54 55 56 57 58 59 60 61 62 63
                     64 65 66 67 68 69 70 71 72 73 74 75 76 77 78 79 80 81 82
                     83 84 85 86 87 88 89 90 93 94 95 97 98 99 100 101 102 103
                     105 106 107 108 109 110 111 112 113 114 115 116 117 118 119
                     120 121 123 124 126 127 128 129 131 133 134 135 136 137 138
                     139 140 141 142 143 144 145 146 147 148 149 151 152 154 155
                     157 158 160 161 162 163 164 160 165 166 167 168 169 170 171
                     172 173 174 175 176 177 178 180 181 104 125 159 153 156 130
                     132 91 92 179 182 184



$SpecialStates:      5

$StateNumber         $SpecialProperty

2                    T
182                  E
183                  T
184                  E
188                  T

$UniqueNames:        69

$Name                $NumberOfStates     $StatesList

"TK_NEWLINE"         1                   1
"WHITESPACE_TRAP"    1                   2
"TK_EQ"              1                   3
"TK_PLUS"            1                   4
"TK_SQOPENPAREN"     1                   5
"TK_SQCLOSEPAREN"    1                   6
"TK_CROPENPAREN"     1                   7
"TK_CRCLOSEPAREN"    1                   8
"TK_OPENPAREN"       1                   9
"TK_CLOSEPAREN"      1                   10
"TK_COLON"           1                   11
"TK_MUL"             1                   12
"TK_DIV"             1                   13
"TK_COMMA"           1                   14
"TK_MODULO"          1                   15
"TK_LT"              1                   17
"TK_LTE"             1                   18
"TK_GT"              1                   19
"TK_GTE"             1                   20
"TK_MINUS"           1                   21
"TK_RETURNSYM"       1                   22
"TK_MEMBEROP"        1                   24
"TK_IDEN"            1                   25
"TK_DEFINE"          1                   32
"TK_LET"             1                   35
"TK_BE"              1                   37
"TK_ROOT"            1                   41
"TK_SOURCE"          1                   47
"TK_DEST"            1                   51
"TK_WEIGHT"          1                   57
"TK_STRING"          1                   63
"TK_FLOAT"           1                   71
"TK_INT"             1                   66
"TK_VERTEX"          1                   77
"TK_EDGE"            1                   81
"TK_TREE"            1                   85
"TK_GRAPH"           1                   90
"TK_DEPTH"           1                   95
"TK_FUNCTION"        1                   103
"TK_RETURN"          1                   109
"TK_NOTHING"         1                   116
"TK_BEGIN"           1                   121
"TK_END"             1                   124
"TK_BREAK"           1                   129
"TK_IF"              1                   131
"TK_ELSE"            1                   135
"TK_AND"             1                   138
"TK_OR"              1                   140
"TK_READ"            1                   144
"TK_PRINT"           1                   149
"TK_FOR"             1                   152
"TK_BFT"             1                   155
"TK_DFT"             1                   158
"TK_ADJACENT"        1                   166
"TK_TO"              1                   168
"TK_ITERATIONS"      1                   178
"TK_GLOBAL"          1                   159
"TK_IN"              1                   153
"TK_NOT"             1                   130
"TK_INTLIT"          1                   132
"TK_FLOATLIT"        1                   92
"TK_STRINGLIT"       1                   179
"Decimal Point"      1                   122
"Started Quote"      1                   96
"Started Quote"      1                   150
"Error!"             1                   182
"Comment Newls"      1                   183
"Invalid symbol after decimal"    1                   184
"TK_IDEN"            115                 26 27 28 29 30 31 33 34 36 38 39 40 42 43 44 45
                                         46 48 49 50 52 53 54 55 56 58 59 60 61 62 64 65
                                         67 68 69 70 72 73 74 75 76 78 79 80 82 83 84 86
                                         87 88 89 93 94 97 98 99 100 101 102 105 106 107
                                         108 110 111 112 113 114 115 117 118 119 120 123
                                         126 127 128 133 134 136 137 139 141 142 143 145
                                         146 147 148 151 154 157 160 161 162 163 164 160
                                         165 167 169 170 171 172 173 174 175 176 177 180
                                         181 104 125 156 91


$Numtransitions:     203

$FromLen  $FromStateList           $ToLen  $ToStateList     $Symbol?  $NumCs  $Char/ASCII

1         0                        1       182              N         1       -1
1         0                        1       2                N         1       -5
149       27 28 29 30 31 32 33 34
          35 36 37 38 39 40 41 42
          43 44 45 46 47 48 49 50
          51 52 53 54 55 56 57 58
          59 60 61 62 63 64 65 66
          67 68 69 70 71 72 73 74
          75 76 77 78 79 80 81 82
          83 84 85 86 87 88 89 90
          93 94 95 97 98 99 100
          101 102 103 105 106 107
          108 109 110 111 112 113
          114 115 116 117 118 119
          120 121 123 124 126 127
          128 129 131 133 134 135
          136 137 138 139 140 141
          142 143 144 145 146 147
          148 149 151 152 154 155
          157 158 160 161 162 163
          164 165 166 167 168 169
          170 171 172 173 174 175
          176 177 178 180 181 104
          125 159 153 156 91 130   1       26               N         4       -2 -3 -4 95

1         0                        1       1                N         1       10
1         1                        1       2                N         1       -5
1         2                        1       2                N         1       -5
1         0                        1       3                Y         1       =
1         0                        1       4                Y         1       +
1         0                        1       5                Y         1       [
1         0                        1       6                Y         1       ]
1         0                        1       7                Y         1       {
1         0                        1       8                Y         1       }
1         0                        1       9                Y         1       (
1         0                        1       10               Y         1       )
1         0                        1       11               Y         1       :
1         0                        1       12               Y         1       *
1         0                        1       13               Y         1       /
1         0                        1       14               Y         1       ,
1         0                        1       15               Y         1       %
1         0                        1       16               Y         1       #
1         16                       1       16               N         1       -1
1         16                       1       183              N         1       10
1         183                      1       183              N         1       10
1         0                        1       17               Y         1       <
1         17                       1       18               Y         1       =
1         0                        1       19               Y         1       >
1         19                       1       20               Y         1       =
1         0                        1       21               Y         1       -
1         21                       1       22               Y         1       >
1         0                        1       23               Y         1       '
1         23                       1       24               Y         1       s
1         0                        1       25               Y         1       _
1         25                       1       26               Y         1       _
1         25                       1       26               N         3       -2 -3 -4
1         26                       1       26               N         3       -2 -3 -4
1         26                       1       26               Y         1       _
1         0                        1       26               N         2       -2 -3
1         0                        1       132              N         1       -4
1         132                      1       132              N         1       -4
1         132                      1       122              Y         1       .
1         122                      1       184              N         1       -1
1         184                      1       188              N         1       -1
1         184                      1       2                N         1       -5
1         184                      1       1                N         1       10
1         188                      1       188              N         1       -1
1         188                      1       2                N         1       -5
1         188                      1       1                N         1       10
2         122 92                   1       92               N         1       -4
1         0                        1       96               Y         1       "
1         96                       1       96               N         1       -1
1         96                       1       179              Y         1       "
1         96                       1       150              Y         1       \
1         150                      1       96               N         1       -1
1         0                        1       27               Y         1       D
1         27                       1       28               Y         1       e
1         28                       1       29               Y         1       f
1         29                       1       30               Y         1       i
1         30                       1       31               Y         1       n
1         31                       1       32               Y         1       e
1         0                        1       33               Y         1       L
1         33                       1       34               Y         1       e
1         34                       1       35               Y         1       t
1         0                        1       36               Y         1       b
1         36                       1       37               Y         1       e
1         0                        1       38               Y         1       r
1         38                       1       39               Y         1       o
1         39                       1       40               Y         1       o
1         40                       1       41               Y         1       t
1         0                        1       42               Y         1       s
1         42                       1       43               Y         1       o
1         43                       1       44               Y         1       u
1         44                       1       45               Y         1       r
1         45                       1       46               Y         1       c
1         46                       1       47               Y         1       e
1         0                        1       48               Y         1       d
1         48                       1       49               Y         1       e
1         49                       1       50               Y         1       s
1         50                       1       51               Y         1       t
1         0                        1       52               Y         1       w
1         52                       1       53               Y         1       e
1         53                       1       54               Y         1       i
1         54                       1       55               Y         1       g
1         55                       1       56               Y         1       h
1         56                       1       57               Y         1       t
1         0                        1       58               Y         1       S
1         58                       1       59               Y         1       t
1         59                       1       60               Y         1       r
1         60                       1       61               Y         1       i
1         61                       1       62               Y         1       n
1         62                       1       63               Y         1       g
1         0                        1       64               Y         1       I
1         64                       1       65               Y         1       n
1         65                       1       66               Y         1       t
1         0                        1       67               Y         1       F
1         67                       1       68               Y         1       l
1         68                       1       69               Y         1       o
1         69                       1       70               Y         1       a
1         70                       1       71               Y         1       t
1         0                        1       72               Y         1       V
1         72                       1       73               Y         1       e
1         73                       1       74               Y         1       r
1         74                       1       75               Y         1       t
1         75                       1       76               Y         1       e
1         76                       1       77               Y         1       x
1         0                        1       78               Y         1       E
1         78                       1       79               Y         1       d
1         79                       1       80               Y         1       g
1         80                       1       81               Y         1       e
1         0                        1       82               Y         1       T
1         82                       1       83               Y         1       r
1         83                       1       84               Y         1       e
1         84                       1       85               Y         1       e
1         0                        1       86               Y         1       G
1         86                       1       87               Y         1       r
1         87                       1       88               Y         1       a
1         88                       1       89               Y         1       p
1         89                       1       90               Y         1       h
1         28                       1       93               Y         1       p
1         93                       1       94               Y         1       t
1         94                       1       95               Y         1       h
1         67                       1       97               Y         1       u
1         97                       1       98               Y         1       n
1         98                       1       99               Y         1       c
1         99                       1       100              Y         1       t
1         100                      1       101              Y         1       i
1         101                      1       102              Y         1       o
1         102                      1       103              Y         1       n
1         38                       1       105              Y         1       e
1         105                      1       106              Y         1       t
1         106                      1       107              Y         1       u
1         107                      1       108              Y         1       r
1         108                      1       109              Y         1       n
1         0                        1       110              Y         1       N
1         110                      1       111              Y         1       o
1         111                      1       112              Y         1       t
1         112                      1       113              Y         1       h
1         113                      1       114              Y         1       i
1         114                      1       115              Y         1       n
1         115                      1       116              Y         1       g
1         0                        1       117              Y         1       B
1         117                      1       118              Y         1       e
1         118                      1       119              Y         1       g
1         119                      1       120              Y         1       i
1         120                      1       121              Y         1       n
1         78                       1       123              Y         1       n
1         123                      1       124              Y         1       d
1         36                       1       126              Y         1       r
1         126                      1       127              Y         1       e
1         127                      1       128              Y         1       a
1         128                      1       129              Y         1       k
1         64                       1       131              Y         1       f
1         78                       1       133              Y         1       l
1         133                      1       134              Y         1       s
1         134                      1       135              Y         1       e
1         0                        1       136              Y         1       a
1         136                      1       137              Y         1       n
1         137                      1       138              Y         1       d
1         0                        1       139              Y         1       o
1         139                      1       140              Y         1       r
1         0                        1       141              Y         1       R
1         141                      1       142              Y         1       e
1         142                      1       143              Y         1       a
1         143                      1       144              Y         1       d
1         0                        1       145              Y         1       P
1         145                      1       146              Y         1       r
1         146                      1       147              Y         1       i
1         147                      1       148              Y         1       n
1         148                      1       149              Y         1       t
1         67                       1       151              Y         1       o
1         151                      1       152              Y         1       r
1         117                      1       154              Y         1       F
1         154                      1       155              Y         1       T
1         27                       1       157              Y         1       F
1         157                      1       158              Y         1       T
1         136                      1       160              Y         1       d
1         160                      1       161              Y         1       j
1         161                      1       162              Y         1       a
1         162                      1       163              Y         1       c
1         163                      1       164              Y         1       e
1         164                      1       165              Y         1       n
1         165                      1       166              Y         1       t
1         0                        1       167              Y         1       t
1         167                      1       168              Y         1       o
1         0                        1       169              Y         1       i
1         169                      1       170              Y         1       t
1         170                      1       171              Y         1       e
1         171                      1       172              Y         1       r
1         172                      1       173              Y         1       a
1         173                      1       174              Y         1       t
1         174                      1       175              Y         1       i
1         175                      1       176              Y         1       o
1         176                      1       177              Y         1       n
1         177                      1       178              Y         1       s
1         86                       1       180              Y         1       l
1         180                      1       181              Y         1       o
1         181                      1       104              Y         1       b
1         104                      1       125              Y         1       a
1         125                      1       159              Y         1       l
1         169                      1       153              Y         1       n
1         0                        1       156              Y         1       n
1         156                      1       91               Y         1       o
1         91                       1       130              Y         1       t
2         150 96                   1       182              N         1       10

